   4.8439441e-01   5.3347735e+02
   1.6761936e+00   2.2251506e+02
   3.2875388e+00   1.3520479e+02
   4.1697182e+00   3.3824737e+02
   1.1041213e+01   7.5580566e+02
   1.7050681e+01   5.6146144e+01
   2.2658069e+01   5.5781590e+02
   2.3521903e+01   9.0493167e+02
   2.5131902e+01   1.5090720e+02
   2.6058450e+01   6.1010346e+02
   3.3984841e+01   7.5743788e+02
   4.2195632e+01   9.2826350e+01
   4.5410889e+01   5.9629415e+02
   5.0022793e+01   7.3907711e+02
   5.2892459e+01   4.0426507e+02
   5.3007730e+01   4.7761253e+02
   6.2528370e+01   1.0685226e+02
   6.2646412e+01   8.9158732e+02
   6.6233482e+01   4.2926604e+02
   6.7711967e+01   6.2778283e+02
   7.0516771e+01   8.7615558e+02
   7.1428862e+01   4.1552499e+02
   7.2853863e+01   4.0523837e+02
   7.7699592e+01   2.8150530e+02
   7.8576792e+01   1.3184452e+02
   7.9815131e+01   3.6775727e+02
   8.2732251e+01   1.6890720e+02
   9.0700095e+01   9.1582989e+01
   9.0766478e+01   8.5483902e+02
   9.5415702e+01   1.0606800e+02
   9.7930490e+01   1.5255878e+02
   9.9460888e+01   9.9595572e+02
   1.0147511e+02   7.8777515e+02
   1.0207520e+02   8.1629262e+02
   1.0473577e+02   4.3211241e+02
   1.0750563e+02   6.7934283e+02
   1.0810878e+02   6.0482679e+02
   1.1711559e+02   3.9261734e+02
   1.2093979e+02   9.6316658e+02
   1.2176820e+02   5.9487342e+02
   1.2332423e+02   5.1465548e+01
   1.2713781e+02   6.3043356e+02
   1.2749411e+02   2.8409526e+02
   1.3090630e+02   9.7674675e+02
   1.3143989e+02   4.3432803e+02
   1.3309946e+02   7.2480740e+01
   1.3609201e+02   3.1175280e+02
   1.3628237e+02   2.5008288e+02
   1.4424851e+02   9.0447303e+02
   1.4679249e+02   1.6503072e+02
   1.4748007e+02   1.0239937e+01
   1.4764141e+02   8.1594572e+02
   1.4812594e+02   7.4706099e+02
   1.5679417e+02   1.9149730e+02
   1.6209974e+02   9.8417781e+02
   1.6377999e+02   8.0002858e+02
   1.7138031e+02   6.2067183e+02
   1.7297623e+02   4.0069725e+02
   1.8249492e+02   4.5190648e+02
   1.8346320e+02   6.4825636e+02
   1.9112932e+02   5.6702756e+02
   1.9368028e+02   3.3729590e+02
   1.9895968e+02   4.5876610e-01
   1.9966321e+02   5.0390441e+02
   2.0956563e+02   4.2368706e+02
   2.1300656e+02   3.7939222e+02
   2.3118733e+02   3.5568525e+02
   2.3775732e+02   1.1853769e+01
   2.4444014e+02   7.3603033e+02
   2.4450931e+02   2.4257166e+02
   2.5831104e+02   9.0559233e+02
   2.5983769e+02   5.3501037e+02
   2.6267405e+02   1.8085529e+01
   2.6293077e+02   9.5377969e+01
   2.6354801e+02   9.8397155e+02
   2.6984078e+02   5.4254748e+02
   2.7268269e+02   2.4062889e+02
   2.7431441e+02   1.9375679e+02
   2.7958478e+02   5.1558034e+02
   2.8410268e+02   1.2570025e+02
   2.8511525e+02   2.0818966e+02
   2.8788509e+02   1.5190400e+02
   2.8944696e+02   4.7264500e+02
   2.9108130e+02   8.1868580e+02
   2.9360497e+02   3.5127468e+02
   2.9893039e+02   4.4642420e+02
   3.0198438e+02   7.2239262e+02
   3.0386640e+02   2.8746049e+02
   3.0804423e+02   2.0722968e+02
   3.0926923e+02   4.7989438e+02
   3.0933637e+02   6.5440347e+02
   3.1078198e+02   6.1011274e+02
   3.1185927e+02   8.9580108e+02
   3.1319676e+02   7.5407435e+02
   3.1873705e+02   3.7561279e+02
   3.2295637e+02   3.4157218e+01
   3.2416495e+02   1.9934703e+01
   3.2579857e+02   1.8451002e+02
   3.2632922e+02   9.7341100e+02
   3.2801509e+02   9.3174096e+02
   3.3130288e+02   2.6072091e+02
   3.3296743e+02   1.6468925e+02
   3.3333485e+02   1.4296151e+02
   3.3500818e+02   6.3059015e+02
   3.3891935e+02   3.5726859e+02
   3.3961405e+02   1.1519750e+02
   3.5121300e+02   1.9431886e+01
   3.5507224e+02   1.6772170e+02
   3.5529510e+02   9.2706541e+02
   3.6522177e+02   7.1838636e+02
   3.6582614e+02   5.1979101e+02
   3.6596992e+02   4.9949494e+01
   3.6753618e+02   8.6978811e+02
   3.6913741e+02   6.2646333e+02
   3.6934776e+02   9.7458004e+02
   3.7471621e+02   8.2076317e+02
   3.7806417e+02   3.0096188e+02
   3.8128444e+02   8.8393890e+02
   3.8624962e+02   9.4548334e+02
   3.8626903e+02   5.2511804e+02
   3.9154600e+02   3.5992114e+02
   4.0226578e+02   4.1772325e+02
   4.0515698e+02   5.5662234e+02
   4.0641307e+02   7.1249399e+02
   4.0970142e+02   6.7899685e+02
   4.1104562e+02   7.2218823e+02
   4.1143176e+02   5.0284740e+02
   4.1192808e+02   5.4807560e+01
   4.1840531e+02   9.1456408e+01
   4.2187340e+02   4.5804010e+02
   4.2431114e+02   9.8242871e+02
   4.2658619e+02   4.2939728e+02
   4.3165950e+02   5.7795213e+02
   4.3333764e+02   4.9587486e+02
   4.3492301e+02   2.7046600e+02
   4.4011292e+02   4.6691975e+02
   4.5389145e+02   3.8840680e+02
   4.5440928e+02   5.5097120e+01
   4.5807854e+02   3.4375270e+02
   4.5948868e+02   1.9642300e+02
   4.6191465e+02   6.9670452e+02
   4.6445383e+02   6.4491847e+02
   4.6786820e+02   5.2142700e+02
   4.6939280e+02   2.4646036e+02
   4.7249576e+02   4.3169911e+02
   4.7327587e+02   7.0012112e+02
   4.7339867e+02   8.6235492e+02
   4.7427694e+02   8.0910816e+02
   4.8018590e+02   6.7923691e+02
   4.8093677e+02   8.4875357e+02
   4.8516955e+02   3.3974046e+01
   4.8685875e+02   6.4999718e+02
   4.8718801e+02   6.0260471e+02
   4.8768898e+02   2.2302952e+02
   4.8882495e+02   9.4293680e+02
   4.9375133e+02   9.9147635e+02
   5.0061853e+02   9.4651169e+02
   5.0064844e+02   4.1610657e+02
   5.1105561e+02   3.9588121e+02
   5.1528422e+02   4.1966407e+02
   5.1844462e+02   6.0724475e+02
   5.2464942e+02   8.9877689e+02
   5.2610736e+02   7.0297162e+02
   5.2950433e+02   6.4949940e+02
   5.3139959e+02   9.2084637e+02
   5.4158645e+02   8.0276054e+02
   5.4550000e+02   4.3790527e+02
   5.5394033e+02   1.5889951e+02
   5.5814748e+02   8.0742973e+02
   5.5962743e+02   7.1786474e+02
   5.6415090e+02   6.3544680e+02
   5.6564557e+02   5.2487913e+02
   5.7114613e+02   8.1964741e+02
   5.7186136e+02   6.6425873e+02
   5.7365587e+02   1.4388403e+02
   5.7419946e+02   2.0802917e+02
   5.7745809e+02   1.2233573e+02
   5.8536638e+02   7.7752294e+02
   5.8752732e+02   3.1742024e+02
   5.9129961e+02   3.6620962e+02
   5.9206673e+02   4.7455734e+02
   5.9412613e+02   2.5198123e+02
   6.0309166e+02   4.2615673e+02
   6.0336633e+02   9.4606458e+02
   6.0664844e+02   7.5259114e+02
   6.0763308e+02   6.5847230e+02
   6.1624433e+02   8.0812128e+02
   6.1682381e+02   5.7931552e+02
   6.1909693e+02   8.2813871e+02
   6.2016133e+02   2.7906331e+02
   6.2301643e+02   7.4434066e+02
   6.2798988e+02   9.5680039e+01
   6.2906339e+02   3.8722985e+02
   6.3338311e+02   2.1703588e+02
   6.3745857e+02   3.2286669e+02
   6.4167715e+02   2.9063592e+02
   6.4502258e+02   6.4063958e+02
   6.5237420e+02   5.0251217e+02
   6.5322253e+02   1.5116739e+02
   6.5572368e+02   8.7245908e+02
   6.6423078e+02   1.6146744e+02
   6.7251541e+02   2.5223468e+02
   6.7393380e+02   4.1387210e+02
   6.7424906e+02   6.0214589e+01
   6.7485204e+02   8.2502221e+02
   6.7798625e+02   7.7426543e+02
   6.7916583e+02   1.0284383e+02
   6.8157078e+02   8.9713592e+02
   6.8443337e+02   6.4466441e+01
   6.8648927e+02   1.9832499e+02
   6.9194363e+02   9.8399492e+01
   6.9485408e+02   8.0462156e+01
   6.9706302e+02   3.3458457e+02
   7.0453634e+02   2.7570818e+02
   7.1066882e+02   3.5543135e+01
   7.1089658e+02   2.4307668e+02
   7.1289533e+02   4.2567199e+02
   7.1443325e+02   1.5702358e+02
   7.1583452e+02   2.6072094e+02
   7.2355340e+02   9.7247266e+02
   7.2616908e+02   2.4724914e+02
   7.2982990e+02   8.5581154e+02
   7.3396442e+02   2.6525546e+02
   7.3448277e+02   7.5493610e+02
   7.4389813e+02   1.2047137e+02
   7.4455965e+02   7.9801943e+02
   7.4611750e+02   8.2654824e+02
   7.4743557e+02   4.7697971e+02
   7.4866343e+02   2.8199519e+02
   7.5339927e+02   5.5830527e+02
   7.6132814e+02   8.4195543e+02
   7.6968231e+02   3.9730468e+01
   7.7499723e+02   4.4879753e+02
   7.7724719e+02   5.0750722e+02
   7.7743103e+02   7.5686773e+02
   7.7765119e+02   6.3278667e+02
   7.8071529e+02   3.0585042e+02
   7.8414130e+02   8.1415991e+02
   7.9054276e+02   1.3440673e+02
   7.9105598e+02   7.6860001e+02
   8.0035593e+02   4.0583285e+02
   8.0482388e+02   7.0988861e+02
   8.0986251e+02   1.7668681e+02
   8.1160622e+02   9.2579888e+02
   8.1983438e+02   8.0807487e+02
   8.2324612e+02   9.7810442e+02
   8.2396911e+02   2.7452251e+02
   8.2517392e+02   4.6075968e+02
   8.3152428e+02   5.9197463e+01
   8.3205900e+02   2.4695027e+02
   8.3550914e+02   6.0590353e+02
   8.3614589e+02   2.1095770e+02
   8.3836750e+02   2.9370543e+02
   8.4322915e+02   1.3974826e+02
   8.5229937e+02   6.4082036e+02
   8.5561782e+02   6.7816517e+02
   8.6655550e+02   8.2967619e+02
   8.6861761e+02   2.3964629e+02
   8.7735197e+02   4.7642085e+02
   8.7845963e+02   6.3414102e+02
   8.7948720e+02   2.9833536e+02
   8.7961691e+02   4.2619534e+02
   8.8747627e+02   9.9325450e+01
   8.8951329e+02   5.3810444e+02
   8.8965553e+02   4.9695303e+02
   8.9261284e+02   7.1805165e+02
   8.9745623e+02   4.6972552e+02
   8.9751505e+02   4.4711289e+02
   8.9867992e+02   8.4040669e+02
   8.9935402e+02   2.0236950e+02
   9.0273212e+02   6.4743788e+02
   9.0433967e+02   5.9423451e+02
   9.0458651e+02   7.4373139e+02
   9.1967448e+02   4.0047440e+02
   9.2531540e+02   9.8031560e+02
   9.2937724e+02   6.4561487e+02
   9.3192332e+02   9.9286302e+02
   9.3960480e+02   3.5334566e+02
   9.4127901e+02   8.5166909e+01
   9.4300728e+02   3.1844964e+01
   9.4669273e+02   4.2433936e+02
   9.4954330e+02   3.8567354e+02
   9.5319424e+02   4.0255970e+02
   9.5679491e+02   5.1586802e+02
   9.5691900e+02   2.1153016e+02
   9.5919992e+02   8.7073643e+01
   9.5971179e+02   8.6586612e+02
   9.6162974e+02   7.8029637e+02
   9.6350075e+02   3.1796205e+02
   9.6437838e+02   3.5561025e+02
   9.6772189e+02   6.0864291e+02
   9.6875766e+02   9.9323887e+02
   9.7620230e+02   3.4165647e+02
   9.7981017e+02   4.5075443e+02
   9.8446342e+02   7.4390387e+02
   9.8819813e+02   1.2133379e+02
   9.8917541e+02   3.8789994e+02
   9.9146699e+02   9.8128143e+01
   9.9248671e+02   3.7545885e+02
   9.9696688e+02   7.6346932e+02
